0.073259 0.016612 0.008023 0.007450 0.039411 0.010616 0.013116 0.011062 0.008167 0.004044 0.007779 0.021997 0.008270 0.007169 0.005540 0.008112 0.010208 0.011525 0.014886 0.013014 0.005996 0.009319 0.046299 0.011220 0.011076 0.020834 0.019342 0.008651 0.013350 0.010125 0.005958 0.014139 0.017370 0.008428 0.009573 0.029361 0.011021 0.008033 0.014266 0.015346 0.006081 0.010359 0.005028 0.006304 0.007357 0.007066 0.014142 0.008815 0.007944 0.007814 0.011323 0.010084 0.009916 0.030088 0.009700 0.010702 0.014488 0.199491 0.033333 S002_Pain_1.bmp 
0.074947 0.019553 0.007428 0.008968 0.039245 0.010237 0.014711 0.010677 0.008321 0.003401 0.006660 0.026142 0.009438 0.007377 0.004744 0.008541 0.010619 0.012501 0.016609 0.013509 0.005716 0.009692 0.045824 0.011238 0.009844 0.020998 0.021929 0.010352 0.015766 0.009749 0.007543 0.015631 0.017489 0.008271 0.009919 0.031005 0.010680 0.009370 0.014592 0.019435 0.007502 0.012162 0.004663 0.006264 0.007594 0.008633 0.016081 0.007557 0.008311 0.007749 0.013225 0.009594 0.010430 0.031631 0.010697 0.012558 0.017428 0.151410 0.037841 S004_Pain_1.bmp 
0.081694 0.021632 0.008217 0.008795 0.037679 0.009645 0.012731 0.010521 0.007587 0.003262 0.005472 0.026630 0.008433 0.006383 0.004633 0.007530 0.010985 0.010999 0.012944 0.010772 0.005438 0.008498 0.045013 0.010247 0.007334 0.014934 0.016945 0.009266 0.014038 0.010186 0.007604 0.014653 0.014258 0.007320 0.008772 0.028241 0.010826 0.008924 0.013801 0.016691 0.007246 0.012132 0.004251 0.006535 0.007618 0.008674 0.017117 0.006223 0.007817 0.007543 0.013158 0.008085 0.009144 0.029195 0.009574 0.011865 0.017716 0.196042 0.040532 S005_Pain_1.bmp 
0.069768 0.019225 0.006913 0.008494 0.039827 0.009383 0.013231 0.009685 0.007198 0.002345 0.004527 0.024600 0.009617 0.007727 0.003740 0.006580 0.010116 0.012298 0.022051 0.019364 0.005291 0.008952 0.047673 0.010238 0.007734 0.022913 0.029402 0.010113 0.015132 0.008783 0.007140 0.019316 0.018403 0.006628 0.008691 0.030549 0.010208 0.009695 0.017884 0.024600 0.006682 0.012051 0.003336 0.005250 0.007110 0.008039 0.014379 0.004744 0.006455 0.007530 0.012685 0.007666 0.008857 0.030715 0.010208 0.011986 0.015702 0.163590 0.036983 S006_Pain_1.bmp 
0.064941 0.014589 0.005292 0.006054 0.040173 0.008936 0.010597 0.011077 0.008171 0.002232 0.003760 0.027932 0.012016 0.009015 0.003927 0.006731 0.011240 0.015797 0.030100 0.024693 0.006085 0.009644 0.045703 0.011485 0.009498 0.032734 0.040810 0.012479 0.016971 0.006738 0.004832 0.019040 0.018571 0.005438 0.007946 0.030127 0.009270 0.007619 0.017652 0.024022 0.005285 0.009842 0.003420 0.004244 0.005765 0.006466 0.011969 0.004860 0.006377 0.006299 0.011155 0.008657 0.010083 0.030774 0.013020 0.012918 0.017060 0.142792 0.035075 S007_Pain_1.bmp 
0.074638 0.019136 0.007511 0.008304 0.039717 0.010120 0.013313 0.010397 0.007804 0.002879 0.005151 0.026147 0.009118 0.007366 0.004138 0.007487 0.010475 0.012247 0.017914 0.014873 0.005509 0.009202 0.046621 0.011170 0.008604 0.022208 0.024139 0.010356 0.015609 0.009644 0.006869 0.017708 0.017931 0.007676 0.009067 0.032612 0.010525 0.009269 0.016409 0.022414 0.007430 0.012017 0.003943 0.005543 0.007609 0.008547 0.016166 0.005651 0.007092 0.007433 0.012878 0.008905 0.010039 0.032764 0.010738 0.012500 0.017070 0.153337 0.038060 S010_Pain_1.bmp 
0.088290 0.020195 0.009228 0.007792 0.038448 0.009021 0.011073 0.011232 0.006655 0.003307 0.005568 0.025344 0.007369 0.004986 0.004316 0.006794 0.011811 0.009847 0.011455 0.007958 0.005037 0.007850 0.046041 0.009793 0.006120 0.013161 0.012420 0.008381 0.013158 0.011289 0.006821 0.012589 0.011665 0.007674 0.007735 0.028391 0.009746 0.006943 0.009174 0.011479 0.006733 0.011516 0.004543 0.006059 0.007884 0.008077 0.017850 0.006239 0.006672 0.006790 0.012322 0.008602 0.009316 0.029291 0.009004 0.011567 0.018689 0.229289 0.043400 S011_Pain_1.bmp 
0.073566 0.019267 0.008218 0.008197 0.038639 0.009839 0.012412 0.010223 0.007283 0.002794 0.004727 0.024864 0.009723 0.007222 0.004466 0.006338 0.011243 0.012286 0.021527 0.017370 0.005441 0.008395 0.044981 0.009846 0.007395 0.022710 0.026699 0.009897 0.013873 0.009237 0.007385 0.016646 0.016228 0.007242 0.008894 0.028062 0.009880 0.009034 0.017914 0.018563 0.006804 0.011569 0.003429 0.005448 0.008160 0.008102 0.016041 0.004969 0.006134 0.007039 0.011865 0.008136 0.008670 0.028572 0.010226 0.012075 0.017384 0.178522 0.038326 S012_Pain_1.bmp 
0.072050 0.017182 0.007098 0.007247 0.041411 0.009551 0.011967 0.010822 0.007712 0.002866 0.004967 0.023877 0.009534 0.007264 0.003680 0.007051 0.010812 0.012577 0.021332 0.017849 0.005458 0.008914 0.047591 0.010486 0.007766 0.024127 0.028668 0.010314 0.015159 0.009179 0.006390 0.016528 0.016595 0.006942 0.009036 0.031188 0.010131 0.008454 0.015504 0.020634 0.006593 0.011615 0.003924 0.005238 0.007136 0.007613 0.014881 0.005438 0.006817 0.007779 0.012716 0.008061 0.009470 0.031863 0.010805 0.011971 0.016209 0.168356 0.037602 S013_Pain_1.bmp 
0.090955 0.022510 0.009105 0.006966 0.037474 0.008117 0.010472 0.011487 0.006716 0.002781 0.005072 0.029063 0.007755 0.005495 0.004141 0.006374 0.011943 0.010675 0.011720 0.009720 0.005092 0.008063 0.044762 0.009162 0.005999 0.013229 0.014038 0.008709 0.013919 0.011409 0.006496 0.009145 0.010329 0.007105 0.007586 0.027547 0.008692 0.007267 0.009585 0.009937 0.006466 0.011162 0.004449 0.006131 0.007701 0.007653 0.018199 0.006036 0.006851 0.006611 0.012444 0.008299 0.008543 0.027361 0.009325 0.012319 0.019008 0.227894 0.046938 S014_Pain_1.bmp 
0.072671 0.016188 0.006964 0.008218 0.041410 0.009725 0.011605 0.011378 0.008417 0.002788 0.004593 0.024426 0.010067 0.007659 0.003983 0.006490 0.011009 0.013285 0.022092 0.017424 0.005911 0.009640 0.047493 0.010961 0.008604 0.024399 0.027983 0.010142 0.015531 0.008997 0.007110 0.020219 0.018281 0.006788 0.009061 0.032772 0.010328 0.008577 0.017089 0.022488 0.006680 0.011463 0.003614 0.005084 0.007178 0.008096 0.015250 0.005454 0.006141 0.007564 0.012245 0.009020 0.010155 0.033450 0.011002 0.011574 0.017201 0.151053 0.035011 S015_Pain_1.bmp 
0.070836 0.016689 0.007394 0.008255 0.037726 0.008780 0.011494 0.011298 0.007652 0.002331 0.004053 0.024822 0.010305 0.007140 0.003694 0.005486 0.011982 0.013392 0.024662 0.019837 0.005652 0.008844 0.041955 0.009939 0.007445 0.025913 0.030125 0.010898 0.015303 0.009092 0.007164 0.022877 0.020118 0.007363 0.008207 0.029606 0.008997 0.008712 0.020430 0.024378 0.007502 0.012124 0.003223 0.004991 0.008275 0.008888 0.016564 0.004453 0.005171 0.006964 0.012413 0.008536 0.008834 0.029325 0.011403 0.012494 0.017733 0.155202 0.035062 S016_Pain_1.bmp 
0.073902 0.014652 0.006392 0.007218 0.039594 0.009613 0.009999 0.012310 0.008622 0.002518 0.003834 0.025121 0.010612 0.007265 0.003458 0.005275 0.012760 0.014753 0.024055 0.018783 0.005979 0.009356 0.044219 0.011566 0.008351 0.025734 0.029094 0.011278 0.015616 0.008896 0.005962 0.020435 0.018577 0.005969 0.007962 0.033280 0.009647 0.007038 0.016929 0.022299 0.006321 0.010798 0.003560 0.004308 0.006906 0.007492 0.014743 0.004879 0.005532 0.006524 0.011373 0.009258 0.010229 0.033882 0.012114 0.012862 0.018746 0.156436 0.035114 S017_Pain_1.bmp 
0.089549 0.023412 0.008889 0.007467 0.035847 0.008286 0.010583 0.011758 0.007457 0.003429 0.005898 0.030061 0.008420 0.006238 0.005234 0.008148 0.011960 0.010896 0.009943 0.008289 0.005349 0.008552 0.044473 0.010138 0.006794 0.012903 0.012796 0.009599 0.015716 0.010815 0.006703 0.008077 0.009330 0.006773 0.007686 0.027767 0.009040 0.007279 0.007588 0.009404 0.006501 0.012159 0.004921 0.006932 0.007056 0.008228 0.018043 0.006756 0.008276 0.006767 0.013318 0.008484 0.009559 0.028926 0.009859 0.013574 0.020232 0.213479 0.048390 S018_Pain_1.bmp 
0.076908 0.017504 0.007361 0.007918 0.038094 0.008890 0.011255 0.011748 0.007877 0.003055 0.004642 0.026139 0.009872 0.007510 0.004153 0.006616 0.011717 0.013498 0.018354 0.014813 0.006192 0.009403 0.044557 0.010878 0.008292 0.021341 0.022829 0.010585 0.015299 0.009624 0.006759 0.016930 0.015693 0.006671 0.007877 0.027145 0.009726 0.007846 0.015377 0.019003 0.006892 0.010823 0.003830 0.005199 0.007551 0.007853 0.015479 0.005488 0.006209 0.006888 0.011489 0.009039 0.009529 0.028572 0.011061 0.012427 0.018636 0.185291 0.037798 S019_Pain_1.bmp 
0.069535 0.019010 0.006605 0.009020 0.037757 0.009135 0.013494 0.010677 0.008059 0.002773 0.004620 0.028311 0.010728 0.008381 0.004353 0.007528 0.010677 0.013636 0.024198 0.018862 0.005350 0.009747 0.045272 0.010988 0.009223 0.025798 0.033820 0.011093 0.017262 0.009030 0.007728 0.020292 0.020674 0.006236 0.008736 0.029579 0.009957 0.010322 0.018506 0.026319 0.007647 0.012284 0.003429 0.005175 0.006832 0.008634 0.014685 0.005249 0.007373 0.007224 0.013545 0.007995 0.009788 0.030218 0.011360 0.012909 0.017049 0.127875 0.037436 S020_Pain_1.bmp 
0.072402 0.015399 0.006925 0.007829 0.043325 0.010498 0.012044 0.011456 0.008243 0.002931 0.005319 0.022369 0.009174 0.007326 0.004527 0.006759 0.011151 0.011643 0.021122 0.016578 0.006487 0.009690 0.048572 0.011487 0.009398 0.024855 0.024614 0.009687 0.014608 0.009065 0.006066 0.017013 0.019125 0.008196 0.009354 0.031808 0.010026 0.007988 0.016092 0.018470 0.006402 0.010794 0.004252 0.005142 0.007306 0.007353 0.014431 0.006946 0.006521 0.007550 0.011758 0.009734 0.010193 0.032765 0.010546 0.011466 0.016313 0.166269 0.034633 S021_Pain_1.bmp 
0.066325 0.014151 0.006496 0.007313 0.037993 0.008957 0.011414 0.011366 0.008225 0.002402 0.003868 0.023312 0.010689 0.008177 0.003407 0.005297 0.011256 0.014636 0.026583 0.021255 0.006110 0.009250 0.042452 0.010795 0.009370 0.028462 0.033127 0.010942 0.014995 0.008646 0.006537 0.022058 0.021570 0.006414 0.007856 0.029323 0.009876 0.008263 0.020456 0.025018 0.006438 0.010101 0.003052 0.004060 0.006780 0.007484 0.013406 0.004777 0.005208 0.006534 0.010976 0.009787 0.009678 0.029959 0.012408 0.011451 0.016744 0.164724 0.031794 S022_Pain_1.bmp 
0.068379 0.019632 0.007202 0.008207 0.042450 0.011034 0.016626 0.009569 0.008907 0.004862 0.007544 0.024769 0.008180 0.008842 0.007209 0.011077 0.009275 0.010861 0.013925 0.012613 0.006705 0.010878 0.050549 0.011957 0.010604 0.019778 0.019629 0.008995 0.015122 0.008748 0.006506 0.013198 0.017367 0.008711 0.010777 0.032938 0.011669 0.010543 0.014855 0.018009 0.007077 0.012126 0.005985 0.007933 0.007541 0.008420 0.014087 0.008880 0.011054 0.009610 0.013286 0.009857 0.011135 0.033740 0.010016 0.012318 0.015470 0.144308 0.038460 S023_Pain_1.bmp 
0.081568 0.022064 0.008674 0.008920 0.036007 0.009126 0.012696 0.010894 0.007451 0.003588 0.005686 0.028714 0.008351 0.006724 0.004676 0.008125 0.011709 0.011487 0.013010 0.010433 0.005504 0.008492 0.043799 0.010241 0.007684 0.016382 0.016641 0.009890 0.015688 0.010476 0.007492 0.013296 0.014074 0.007421 0.008849 0.028670 0.009981 0.008408 0.011726 0.015940 0.007360 0.012706 0.004719 0.006343 0.007771 0.008583 0.018164 0.006626 0.008381 0.007283 0.013879 0.008398 0.009459 0.029829 0.010517 0.013289 0.018369 0.184344 0.043421 S024_Pain_1.bmp 
0.068736 0.015059 0.006391 0.007328 0.046284 0.010276 0.011874 0.010310 0.008266 0.002610 0.004184 0.021737 0.009643 0.007653 0.003706 0.006357 0.009979 0.012812 0.026608 0.020549 0.005521 0.009911 0.051301 0.011739 0.008570 0.027248 0.033456 0.009924 0.015120 0.008381 0.005998 0.019588 0.020370 0.006590 0.009660 0.036065 0.010899 0.008509 0.018552 0.023643 0.006096 0.011309 0.003828 0.004959 0.007115 0.007274 0.013631 0.005324 0.006336 0.007599 0.012287 0.008289 0.010547 0.036292 0.010733 0.011288 0.015492 0.136240 0.033950 S025_Pain_1.bmp 
0.066803 0.015145 0.007381 0.007989 0.043474 0.010372 0.012786 0.011120 0.009016 0.003121 0.005375 0.023114 0.009529 0.008856 0.005303 0.007476 0.010998 0.012840 0.021666 0.019660 0.006252 0.010413 0.049108 0.012249 0.009675 0.025922 0.029023 0.010406 0.015122 0.008621 0.006650 0.015880 0.018134 0.007466 0.009556 0.033575 0.010797 0.009723 0.016798 0.020439 0.006235 0.011402 0.004552 0.006038 0.007404 0.007520 0.012810 0.006232 0.007139 0.007850 0.011317 0.009036 0.010597 0.034197 0.010702 0.011484 0.015295 0.149016 0.033344 S026_Pain_1.bmp 
0.073044 0.016486 0.007301 0.008076 0.041868 0.011189 0.012710 0.010288 0.009107 0.003991 0.005804 0.022467 0.009151 0.009056 0.006641 0.008389 0.010597 0.011325 0.016462 0.014003 0.007103 0.010390 0.047784 0.011914 0.008845 0.018912 0.020405 0.009338 0.014043 0.009335 0.006998 0.015411 0.016898 0.007699 0.009614 0.032023 0.012370 0.009468 0.014809 0.016904 0.006610 0.011179 0.005379 0.007501 0.008522 0.008226 0.014775 0.007525 0.009032 0.008838 0.012213 0.008784 0.010730 0.033343 0.009658 0.011825 0.015367 0.168184 0.034091 S027_Pain_1.bmp 
0.081294 0.020886 0.008703 0.008638 0.036246 0.009296 0.012644 0.011274 0.007401 0.002852 0.005433 0.026601 0.008374 0.006949 0.004653 0.006943 0.011671 0.011345 0.013607 0.011243 0.005715 0.008221 0.042914 0.010161 0.007628 0.016666 0.016816 0.009229 0.014113 0.010382 0.007309 0.013994 0.014777 0.007655 0.008309 0.026845 0.009697 0.008764 0.012834 0.015568 0.007038 0.011508 0.004375 0.006329 0.007997 0.008438 0.017006 0.005939 0.006977 0.007105 0.012769 0.008794 0.008950 0.028113 0.009839 0.012407 0.017677 0.203457 0.041632 S028_Pain_1.bmp 
0.081190 0.018940 0.008071 0.007798 0.040863 0.008925 0.010454 0.010741 0.007224 0.002565 0.004711 0.023607 0.008301 0.005460 0.003803 0.006232 0.011267 0.011233 0.017287 0.013582 0.005247 0.008459 0.048223 0.009755 0.006536 0.019483 0.020948 0.008959 0.014017 0.010609 0.006934 0.016582 0.016544 0.007842 0.008635 0.030669 0.009269 0.007565 0.013960 0.016905 0.006836 0.012033 0.003438 0.005537 0.008271 0.008271 0.017422 0.005203 0.006050 0.007434 0.012799 0.008510 0.008547 0.031415 0.009870 0.011989 0.017759 0.188791 0.040428 S029_Pain_1.bmp 
0.073138 0.016002 0.007040 0.007642 0.039670 0.009305 0.010974 0.011783 0.008245 0.002644 0.004270 0.025493 0.010900 0.007690 0.004185 0.006406 0.012061 0.014221 0.021958 0.018251 0.006254 0.009372 0.045217 0.011689 0.008702 0.024863 0.026963 0.011042 0.016012 0.008861 0.006721 0.020682 0.018085 0.006884 0.008374 0.029275 0.009599 0.007619 0.017154 0.022056 0.006589 0.011143 0.003559 0.004612 0.006965 0.008015 0.015102 0.005275 0.006115 0.006809 0.011821 0.009714 0.010334 0.030325 0.011885 0.012491 0.018769 0.157392 0.035783 S031_Pain_1.bmp 
0.068971 0.016457 0.007115 0.008638 0.040627 0.009332 0.011492 0.010220 0.007604 0.002323 0.003972 0.021882 0.009781 0.007030 0.003425 0.005370 0.010359 0.012910 0.024721 0.019763 0.005618 0.008448 0.046746 0.010012 0.007458 0.025976 0.029962 0.009791 0.013587 0.009373 0.007553 0.023147 0.020280 0.007887 0.009006 0.030289 0.010023 0.008570 0.020133 0.024500 0.007013 0.011213 0.003231 0.004465 0.008169 0.008625 0.015641 0.004108 0.004901 0.007329 0.012131 0.008387 0.008706 0.030523 0.010767 0.010669 0.016556 0.164132 0.033084 S032_Pain_1.bmp 
0.096079 0.024931 0.009661 0.007842 0.034491 0.008260 0.010668 0.011392 0.006960 0.003058 0.005600 0.029373 0.007267 0.005058 0.004401 0.006859 0.012392 0.009671 0.007701 0.006519 0.004920 0.007933 0.042677 0.009098 0.005364 0.009735 0.009903 0.008455 0.014594 0.011654 0.007122 0.008422 0.009220 0.007028 0.007711 0.027090 0.008853 0.006634 0.007428 0.009422 0.006960 0.012614 0.004546 0.006698 0.007873 0.008667 0.020093 0.006024 0.006852 0.006849 0.013277 0.007984 0.008209 0.028248 0.008846 0.013112 0.020500 0.231445 0.049759 S001_Move.bmp 
0.067195 0.016242 0.006246 0.008111 0.037769 0.009780 0.013150 0.011220 0.008200 0.003305 0.005776 0.023012 0.010003 0.007233 0.004168 0.007051 0.010126 0.013331 0.022748 0.018024 0.005361 0.008676 0.044975 0.010825 0.010404 0.026097 0.028418 0.010106 0.014661 0.009454 0.006338 0.019022 0.022518 0.007559 0.008834 0.026255 0.010839 0.008066 0.015734 0.021178 0.006856 0.010298 0.004460 0.005029 0.006904 0.007823 0.013318 0.007151 0.007305 0.007274 0.012368 0.009667 0.009838 0.028143 0.011377 0.011285 0.015498 0.174037 0.033364 S002_Friction.bmp 
0.072511 0.017479 0.007745 0.007888 0.039909 0.010346 0.012614 0.010836 0.008673 0.003689 0.005630 0.024361 0.008666 0.007517 0.005165 0.008082 0.010383 0.011386 0.016701 0.014130 0.006151 0.009472 0.046345 0.010982 0.009557 0.021097 0.021318 0.009897 0.014521 0.009204 0.006045 0.016663 0.018537 0.007374 0.009353 0.029896 0.010829 0.008575 0.014885 0.018370 0.006548 0.011397 0.004978 0.005998 0.007575 0.007762 0.015021 0.007425 0.008588 0.008048 0.012597 0.009554 0.010094 0.031395 0.010094 0.012226 0.016123 0.174380 0.037416 S002_Move.bmp 
0.066197 0.016691 0.007125 0.009165 0.038126 0.010834 0.014565 0.010159 0.008657 0.003686 0.006826 0.022917 0.009480 0.008164 0.005332 0.008548 0.009418 0.012542 0.020253 0.016783 0.006017 0.009048 0.043393 0.011270 0.010656 0.024066 0.026058 0.009748 0.013958 0.009477 0.007156 0.016286 0.020976 0.008342 0.009727 0.027402 0.010663 0.009946 0.016677 0.019087 0.007351 0.011476 0.005376 0.006240 0.007810 0.008486 0.014157 0.007721 0.008174 0.007903 0.012727 0.009161 0.009686 0.028399 0.010351 0.011486 0.014904 0.171185 0.031986 S002_Rest_2.bmp 
0.072090 0.017332 0.007482 0.008906 0.038531 0.010124 0.013469 0.011667 0.008186 0.002791 0.004905 0.023607 0.009816 0.006941 0.003569 0.006714 0.010963 0.013016 0.021523 0.016822 0.005432 0.009752 0.044440 0.011020 0.009008 0.024358 0.027284 0.010571 0.015066 0.009941 0.007898 0.018330 0.019247 0.007773 0.009086 0.032510 0.010050 0.009130 0.017085 0.022254 0.007645 0.012089 0.003792 0.005074 0.007601 0.008622 0.016294 0.005429 0.006359 0.007401 0.012861 0.009299 0.009908 0.033410 0.011010 0.011535 0.017874 0.149016 0.036092 S004_Friction.bmp 
0.084620 0.019741 0.009030 0.008636 0.037185 0.009275 0.011647 0.011778 0.007674 0.003011 0.005040 0.025632 0.008771 0.006183 0.004444 0.006661 0.012047 0.011788 0.015603 0.012179 0.005379 0.008919 0.043624 0.010422 0.006954 0.017423 0.018308 0.009891 0.014833 0.010819 0.007731 0.016118 0.014957 0.007674 0.008623 0.031079 0.010032 0.008232 0.013588 0.016629 0.007469 0.012549 0.004010 0.005908 0.008323 0.009302 0.018705 0.005453 0.006580 0.007358 0.013067 0.008619 0.009305 0.031486 0.010453 0.012902 0.019317 0.176006 0.041007 S004_Move.bmp 
0.086543 0.020496 0.008716 0.008213 0.040496 0.009400 0.010573 0.011955 0.006999 0.002663 0.004604 0.024990 0.008340 0.005647 0.003739 0.006211 0.011992 0.011087 0.016180 0.012572 0.005208 0.008575 0.047300 0.010208 0.006486 0.017746 0.018890 0.009309 0.014792 0.010879 0.007223 0.016425 0.014866 0.007190 0.008826 0.031881 0.010164 0.007398 0.013300 0.016133 0.007351 0.012904 0.003736 0.005443 0.007807 0.008467 0.018756 0.005231 0.006066 0.007425 0.013810 0.008736 0.009178 0.032884 0.009762 0.012713 0.019624 0.172689 0.043203 S004_Rest_1.bmp 
0.070766 0.013563 0.006587 0.006539 0.045837 0.010141 0.010855 0.011146 0.008702 0.002620 0.004123 0.022881 0.010584 0.008218 0.004092 0.006489 0.011285 0.014118 0.024601 0.019855 0.006323 0.010699 0.051009 0.011982 0.009362 0.026719 0.030795 0.011051 0.015963 0.007978 0.005382 0.018884 0.017855 0.006282 0.009542 0.034322 0.010263 0.007551 0.016768 0.020860 0.005727 0.010510 0.003591 0.004664 0.006939 0.006688 0.013133 0.005426 0.006167 0.007707 0.010950 0.009636 0.011569 0.035496 0.011454 0.012673 0.016667 0.143555 0.034856 S007_Friction.bmp 
0.076331 0.017890 0.007335 0.008481 0.041189 0.010107 0.012754 0.011361 0.007773 0.003001 0.005554 0.024520 0.008950 0.006886 0.004853 0.007588 0.011270 0.012605 0.018706 0.015067 0.005740 0.009854 0.048587 0.011125 0.008468 0.022031 0.023801 0.009658 0.015212 0.010235 0.006997 0.017293 0.017799 0.007641 0.009125 0.032869 0.010565 0.009122 0.016089 0.020527 0.007004 0.012059 0.004232 0.005841 0.007500 0.008491 0.015452 0.006168 0.007065 0.007932 0.013438 0.009162 0.010093 0.033550 0.010538 0.012268 0.016925 0.150665 0.036660 S009_Move.bmp 
0.072318 0.015480 0.006845 0.007821 0.043826 0.010543 0.013336 0.012023 0.008845 0.003164 0.005937 0.023461 0.008954 0.007512 0.005032 0.007593 0.010257 0.013207 0.018562 0.015697 0.005848 0.009948 0.049599 0.012135 0.011377 0.025584 0.025135 0.009488 0.014837 0.009084 0.005454 0.014323 0.019620 0.007872 0.009873 0.033269 0.010822 0.008131 0.014850 0.019086 0.005882 0.010268 0.004372 0.005389 0.007002 0.006967 0.013112 0.006950 0.006831 0.007471 0.011281 0.010366 0.011091 0.034038 0.010808 0.011292 0.015469 0.160034 0.034630 S009_Rest_1.bmp 
0.084302 0.020361 0.009147 0.008579 0.038141 0.010019 0.011671 0.011463 0.007862 0.003318 0.005378 0.024602 0.008178 0.006071 0.004345 0.007131 0.011708 0.011197 0.013664 0.010605 0.005294 0.008888 0.045585 0.010389 0.007121 0.015542 0.016067 0.009016 0.013980 0.011503 0.007656 0.013344 0.013825 0.008047 0.008828 0.032063 0.010601 0.008181 0.011675 0.013354 0.007572 0.012341 0.004543 0.006162 0.008343 0.008807 0.019341 0.006081 0.007185 0.007428 0.013206 0.009316 0.009693 0.032537 0.009837 0.012472 0.019712 0.185128 0.041591 S009_Rest_3.bmp 
0.070518 0.015238 0.006014 0.007014 0.039503 0.008831 0.010224 0.011651 0.007861 0.002024 0.003692 0.025767 0.010794 0.007478 0.003268 0.005841 0.012065 0.014811 0.027791 0.021516 0.005909 0.009288 0.045134 0.010678 0.007831 0.028350 0.035039 0.011448 0.016197 0.008146 0.005970 0.022557 0.018485 0.006244 0.007963 0.031916 0.008909 0.007522 0.018689 0.024584 0.006180 0.010699 0.002973 0.003990 0.006807 0.007204 0.014156 0.004210 0.004980 0.006587 0.011336 0.008733 0.009977 0.032845 0.012065 0.012702 0.018129 0.148161 0.035506 S010_Move.bmp 
0.073319 0.016362 0.006704 0.007764 0.043468 0.009554 0.011282 0.010832 0.008100 0.002372 0.003979 0.023619 0.009808 0.007307 0.003897 0.006043 0.010984 0.013126 0.023117 0.017986 0.005812 0.009347 0.049247 0.011042 0.008049 0.024930 0.027743 0.010245 0.015139 0.008378 0.006734 0.020697 0.017972 0.007175 0.008934 0.032505 0.009842 0.007954 0.016800 0.022436 0.006683 0.011296 0.003321 0.004599 0.007266 0.007554 0.014970 0.004721 0.005524 0.007158 0.012123 0.009103 0.009571 0.033521 0.011042 0.011740 0.017200 0.157016 0.034989 S010_Rest_1.bmp 
0.079894 0.018565 0.008296 0.008533 0.039979 0.009613 0.011541 0.011197 0.007408 0.002570 0.004390 0.024150 0.008705 0.006743 0.003920 0.006439 0.011389 0.012220 0.017852 0.014276 0.005362 0.009049 0.046489 0.010447 0.006865 0.019318 0.021060 0.009684 0.014341 0.010329 0.007709 0.017845 0.015921 0.007510 0.008735 0.030906 0.009850 0.008604 0.015806 0.018068 0.007094 0.012112 0.003441 0.005132 0.008222 0.008543 0.017180 0.004822 0.005686 0.007185 0.012683 0.008269 0.008928 0.031281 0.010072 0.011757 0.017964 0.179265 0.038784 S010_Rest_2.bmp 
0.089366 0.022209 0.009061 0.007745 0.037383 0.008634 0.010895 0.011355 0.006736 0.002818 0.005173 0.026759 0.007548 0.005082 0.004229 0.005975 0.011751 0.010093 0.010692 0.008482 0.004669 0.007707 0.045219 0.009433 0.005891 0.013067 0.012481 0.008384 0.013513 0.011345 0.007230 0.011798 0.011443 0.007065 0.007870 0.026529 0.009308 0.007298 0.009988 0.012106 0.006584 0.011801 0.003877 0.005863 0.007592 0.008337 0.018095 0.005278 0.006357 0.006811 0.012698 0.007887 0.008719 0.027923 0.008563 0.011815 0.018260 0.234065 0.045142 S011_Friction.bmp 
0.071707 0.019916 0.007123 0.009447 0.035235 0.008794 0.014030 0.010499 0.007394 0.002364 0.004894 0.026971 0.010002 0.007519 0.003998 0.007668 0.010831 0.013401 0.021319 0.017328 0.005544 0.009214 0.042287 0.009877 0.008125 0.023315 0.029329 0.010946 0.016503 0.009329 0.008070 0.020000 0.019794 0.006860 0.008676 0.028314 0.009579 0.009883 0.018015 0.026434 0.007837 0.012897 0.003646 0.005645 0.007421 0.009302 0.015897 0.005368 0.007590 0.007221 0.014044 0.008297 0.009149 0.029427 0.011937 0.013486 0.018434 0.142508 0.039358 S011_Move.bmp 
0.071922 0.020281 0.007442 0.009250 0.037210 0.009747 0.013985 0.010629 0.007675 0.002761 0.005522 0.025935 0.009436 0.006938 0.004383 0.008165 0.010284 0.012724 0.021545 0.016388 0.004961 0.008939 0.044561 0.010960 0.008192 0.022661 0.027602 0.010078 0.016162 0.009270 0.007986 0.017608 0.016827 0.007462 0.009240 0.028230 0.010082 0.009710 0.015279 0.021363 0.007919 0.013556 0.003468 0.006036 0.007401 0.009676 0.016243 0.005742 0.007861 0.007638 0.014201 0.008703 0.009862 0.029552 0.011011 0.012883 0.017074 0.153004 0.038771 S011_Rest_1.bmp 
0.078609 0.018994 0.007803 0.008073 0.039491 0.008760 0.011432 0.011239 0.007417 0.002807 0.004221 0.025204 0.009054 0.006886 0.003933 0.006277 0.011811 0.012342 0.018244 0.014946 0.005807 0.008706 0.046221 0.010258 0.007664 0.020144 0.022823 0.009605 0.014750 0.010116 0.006873 0.016488 0.015822 0.006747 0.008198 0.029973 0.009741 0.008198 0.015095 0.018396 0.006819 0.011648 0.003883 0.005378 0.007377 0.008422 0.016941 0.005151 0.006240 0.006805 0.012832 0.008763 0.009156 0.030842 0.010160 0.012058 0.018311 0.180251 0.039795 S012_Friction.bmp 
0.090857 0.023284 0.009681 0.008079 0.037291 0.008670 0.011578 0.011098 0.006481 0.002787 0.004983 0.027408 0.007690 0.005296 0.004245 0.006776 0.011730 0.009742 0.010558 0.008590 0.004725 0.008046 0.046253 0.009040 0.005269 0.012045 0.012985 0.008422 0.014627 0.011743 0.007398 0.012482 0.012391 0.007680 0.008499 0.029319 0.009480 0.007683 0.010850 0.013452 0.007159 0.012952 0.003922 0.006243 0.008345 0.008855 0.019352 0.005302 0.006827 0.007176 0.013869 0.007586 0.008513 0.030588 0.009033 0.012955 0.019235 0.205473 0.047405 S012_Rest_2.bmp 
0.073652 0.016512 0.007606 0.007646 0.040215 0.009826 0.011748 0.010655 0.007765 0.002679 0.004716 0.023594 0.008909 0.007429 0.004190 0.007242 0.011032 0.012081 0.019075 0.015086 0.005548 0.009086 0.046594 0.010977 0.007962 0.021343 0.023795 0.009612 0.014454 0.009218 0.006577 0.017102 0.016410 0.006920 0.008872 0.030029 0.010485 0.008186 0.015758 0.019102 0.006791 0.011921 0.004125 0.005670 0.007219 0.008064 0.014583 0.005229 0.006974 0.007568 0.012597 0.008543 0.010013 0.031326 0.010057 0.011986 0.016546 0.184035 0.037067 S013_Rest_2.bmp 
0.073875 0.018294 0.007028 0.008721 0.041380 0.010100 0.013216 0.010316 0.007743 0.002836 0.005055 0.023919 0.008849 0.006373 0.003854 0.007446 0.010133 0.012126 0.019532 0.015172 0.005089 0.009392 0.048094 0.010825 0.008198 0.021650 0.024917 0.009247 0.015252 0.009823 0.007149 0.018702 0.018709 0.007857 0.009429 0.033621 0.010467 0.008687 0.016156 0.021420 0.007345 0.012143 0.003773 0.005079 0.007695 0.008687 0.016119 0.005510 0.006873 0.007689 0.013840 0.008420 0.009678 0.034349 0.010137 0.011924 0.016858 0.155792 0.037438 S015_Friction.bmp 
0.081780 0.018785 0.008188 0.008513 0.040340 0.009436 0.011345 0.011841 0.007685 0.002680 0.004834 0.025262 0.009466 0.006165 0.004002 0.006934 0.012539 0.012331 0.018650 0.013270 0.005354 0.009869 0.047495 0.010714 0.007383 0.020012 0.022327 0.010050 0.016088 0.010590 0.007450 0.016232 0.014833 0.007101 0.008909 0.033611 0.009493 0.008208 0.013693 0.016960 0.007316 0.013159 0.003656 0.005391 0.007534 0.008886 0.017161 0.005250 0.006699 0.007641 0.014256 0.008775 0.010459 0.034175 0.010835 0.013387 0.019278 0.154194 0.041534 S015_Move.bmp 
0.071772 0.019141 0.007456 0.008552 0.041454 0.009956 0.013055 0.010707 0.007889 0.002919 0.005091 0.025199 0.009557 0.007710 0.004408 0.007537 0.010514 0.012825 0.019398 0.015714 0.005822 0.009286 0.047797 0.010497 0.008623 0.022243 0.024489 0.010017 0.015572 0.009462 0.007243 0.016962 0.017436 0.007706 0.009279 0.030896 0.010125 0.009205 0.016451 0.019503 0.007212 0.012060 0.003816 0.005534 0.007574 0.008495 0.015233 0.006106 0.006627 0.007656 0.013193 0.008758 0.010003 0.031150 0.010335 0.011962 0.016539 0.161277 0.037002 S015_Rest_1.bmp 
0.080991 0.018627 0.008009 0.008551 0.041364 0.010096 0.011379 0.011382 0.007568 0.002538 0.004424 0.023000 0.008968 0.005908 0.003595 0.006009 0.011298 0.011480 0.018492 0.013671 0.005043 0.008864 0.048161 0.010678 0.006693 0.019216 0.021596 0.009312 0.014560 0.010557 0.007551 0.018435 0.016213 0.007511 0.008908 0.033806 0.010382 0.008009 0.014648 0.018778 0.007356 0.012793 0.003656 0.005252 0.008090 0.008578 0.017691 0.004481 0.005821 0.007423 0.013715 0.008275 0.009329 0.034611 0.009621 0.012241 0.018149 0.166786 0.039866 S015_Rest_2.bmp 
0.074403 0.017186 0.007552 0.008365 0.042790 0.010551 0.012288 0.011047 0.008466 0.002806 0.004753 0.024202 0.009273 0.007549 0.004331 0.006770 0.011209 0.013084 0.019527 0.015536 0.006051 0.010045 0.048832 0.011667 0.008227 0.022120 0.023814 0.010082 0.015563 0.009279 0.006972 0.018973 0.018579 0.007566 0.009620 0.033747 0.010301 0.009306 0.018646 0.021247 0.007117 0.012561 0.003697 0.005272 0.008035 0.008595 0.015567 0.005458 0.006058 0.007893 0.012875 0.009175 0.010318 0.033592 0.010706 0.012622 0.017682 0.143638 0.036817 S016_Rest_1.bmp 
0.073501 0.017753 0.006780 0.007794 0.036196 0.008648 0.011487 0.011470 0.007157 0.002142 0.004192 0.026824 0.010735 0.006974 0.003331 0.005686 0.011975 0.014144 0.025245 0.019765 0.005764 0.008488 0.042601 0.009769 0.007692 0.026597 0.031202 0.011125 0.015930 0.008929 0.006933 0.020724 0.017956 0.007018 0.007861 0.027800 0.008851 0.007861 0.017681 0.022747 0.006886 0.011450 0.003216 0.004490 0.007373 0.008058 0.015916 0.004575 0.005645 0.006730 0.012619 0.008902 0.008861 0.028654 0.012297 0.012626 0.018925 0.159797 0.037657 S016_Rest_2.bmp 
0.076039 0.014422 0.006024 0.006376 0.037308 0.008394 0.009401 0.013441 0.008614 0.002613 0.004097 0.030334 0.012326 0.008336 0.003692 0.005916 0.013333 0.015953 0.023836 0.019137 0.007089 0.010209 0.043041 0.011423 0.009631 0.027061 0.029992 0.012907 0.017390 0.007978 0.005335 0.019519 0.016511 0.005946 0.007606 0.031453 0.008739 0.006741 0.015466 0.022346 0.005639 0.009969 0.003489 0.004090 0.006048 0.006521 0.014523 0.005324 0.005686 0.006011 0.010480 0.010355 0.010483 0.032146 0.013874 0.013259 0.021507 0.148140 0.036480 S017_Friction.bmp 
0.092964 0.023196 0.009274 0.007717 0.037342 0.007976 0.010284 0.011972 0.006546 0.002684 0.004976 0.028528 0.007298 0.004825 0.003802 0.006281 0.013005 0.010321 0.010841 0.008140 0.004902 0.007942 0.045919 0.009177 0.005459 0.012355 0.011650 0.008509 0.014673 0.011999 0.006868 0.010650 0.010439 0.007100 0.007828 0.027863 0.008620 0.006181 0.008402 0.010184 0.007217 0.012130 0.003886 0.006124 0.007503 0.008492 0.019861 0.005469 0.006573 0.006701 0.013220 0.008254 0.009150 0.028960 0.009439 0.013378 0.020324 0.218476 0.050150 S017_Rest_1.bmp 
0.077292 0.017346 0.007207 0.007167 0.040667 0.008970 0.010980 0.011855 0.008258 0.002807 0.004519 0.027002 0.010710 0.007434 0.004039 0.006762 0.012422 0.013557 0.020288 0.015573 0.006116 0.009335 0.046932 0.011108 0.008366 0.021693 0.024912 0.010926 0.016478 0.009403 0.006451 0.018501 0.016043 0.006505 0.007582 0.030947 0.009673 0.007332 0.014026 0.019619 0.006289 0.011142 0.003850 0.005151 0.006498 0.007660 0.015550 0.005769 0.006755 0.006454 0.012493 0.009207 0.009767 0.031869 0.011470 0.013148 0.018839 0.162730 0.038556 S017_Rest_2.bmp 
0.072969 0.015709 0.007214 0.007630 0.042644 0.010077 0.010591 0.011808 0.007924 0.002603 0.004425 0.023480 0.009452 0.006730 0.004073 0.006139 0.011811 0.012981 0.022611 0.017183 0.006024 0.009343 0.048563 0.011047 0.007778 0.023953 0.025285 0.010226 0.014563 0.009458 0.006473 0.020286 0.018399 0.007014 0.008884 0.030809 0.009921 0.007379 0.016645 0.019664 0.006730 0.011243 0.003593 0.004699 0.007606 0.007832 0.015333 0.005138 0.005899 0.007420 0.012355 0.009022 0.009884 0.031333 0.010527 0.011869 0.017625 0.166768 0.035355 S019_Move.bmp 
0.068469 0.015931 0.006216 0.007471 0.040776 0.009340 0.010998 0.010688 0.008307 0.002825 0.004367 0.024845 0.010371 0.007983 0.004094 0.006608 0.010572 0.013359 0.024739 0.019472 0.005547 0.008951 0.045784 0.010988 0.008655 0.026223 0.030747 0.010527 0.014740 0.008440 0.006284 0.020397 0.018019 0.006123 0.008392 0.028437 0.010087 0.008317 0.017289 0.023351 0.005984 0.010562 0.003613 0.004830 0.006485 0.007079 0.013124 0.005110 0.006321 0.006662 0.011397 0.008375 0.008928 0.029154 0.010903 0.011486 0.016402 0.174014 0.034847 S019_Rest_2.bmp 
0.089092 0.021974 0.009488 0.008118 0.035388 0.008869 0.011432 0.011256 0.006637 0.002908 0.005369 0.026282 0.007844 0.005765 0.004101 0.006604 0.011777 0.009826 0.011689 0.009464 0.004920 0.007946 0.043766 0.009268 0.006046 0.013697 0.014144 0.008669 0.014039 0.011827 0.007452 0.011506 0.012663 0.007422 0.007868 0.028761 0.009515 0.007648 0.010982 0.012551 0.007138 0.012274 0.004061 0.006232 0.007689 0.008882 0.018583 0.005819 0.006732 0.007314 0.013254 0.008166 0.008169 0.028781 0.009298 0.012467 0.018779 0.217077 0.044713 S019_Rest_3.bmp 
0.066515 0.016465 0.006495 0.007984 0.036642 0.009343 0.012364 0.011093 0.007963 0.002241 0.003852 0.025603 0.011284 0.008750 0.003328 0.006039 0.010995 0.014925 0.028239 0.023011 0.005715 0.009281 0.042970 0.011543 0.008954 0.029969 0.037898 0.011335 0.016032 0.008185 0.007313 0.023726 0.022503 0.006161 0.008430 0.029601 0.009949 0.009339 0.020984 0.029860 0.006815 0.010896 0.003106 0.004486 0.006499 0.008277 0.013202 0.004632 0.005753 0.006550 0.012234 0.008171 0.009796 0.030565 0.012098 0.011795 0.016304 0.132346 0.033597 S020_Friction.bmp 
0.070165 0.017528 0.006915 0.009311 0.039625 0.009622 0.013573 0.010836 0.007912 0.002599 0.004701 0.024071 0.009974 0.007459 0.003839 0.006797 0.010690 0.013296 0.022658 0.018380 0.005411 0.009379 0.046726 0.010694 0.008930 0.025531 0.030331 0.010238 0.016000 0.009217 0.007469 0.021344 0.021786 0.007202 0.009338 0.033160 0.010535 0.009683 0.018860 0.025078 0.007510 0.012546 0.003431 0.004732 0.007355 0.008612 0.015517 0.005107 0.006712 0.008010 0.013712 0.008588 0.009785 0.033893 0.010748 0.012854 0.016636 0.130533 0.036854 S020_Move.bmp 
0.070997 0.017578 0.006355 0.007983 0.039979 0.009544 0.013237 0.010542 0.008680 0.002641 0.004709 0.027203 0.010861 0.008643 0.004052 0.007648 0.010559 0.014077 0.025486 0.020123 0.005295 0.009835 0.047201 0.011301 0.009205 0.027209 0.035764 0.010827 0.016697 0.008139 0.006636 0.019534 0.019656 0.005620 0.008389 0.033053 0.010302 0.009303 0.019152 0.027433 0.006388 0.011927 0.003467 0.004763 0.006351 0.007377 0.013214 0.005518 0.007130 0.006971 0.012848 0.007980 0.010773 0.033848 0.011775 0.013024 0.016166 0.122701 0.036330 S020_Rest_1.bmp 
0.081989 0.019332 0.008619 0.007762 0.037891 0.008897 0.011113 0.011851 0.007426 0.002992 0.005058 0.025522 0.008565 0.006109 0.004326 0.006715 0.011766 0.011628 0.016916 0.012725 0.005495 0.008555 0.044759 0.010398 0.007328 0.018719 0.019871 0.009039 0.014294 0.010733 0.006905 0.014165 0.014213 0.007149 0.008206 0.028303 0.009436 0.007328 0.012197 0.015209 0.006708 0.011191 0.004137 0.005489 0.007189 0.007945 0.017021 0.005783 0.006363 0.007027 0.012525 0.008890 0.009259 0.029055 0.009934 0.012498 0.018265 0.199616 0.041604 S020_Rest_2.bmp 
0.070200 0.015559 0.007532 0.007875 0.044287 0.010914 0.012965 0.010717 0.008914 0.003267 0.005875 0.022164 0.009345 0.008387 0.005009 0.007426 0.010442 0.012316 0.019631 0.017495 0.006662 0.009905 0.048342 0.011722 0.010629 0.023587 0.023950 0.009267 0.014687 0.008860 0.006156 0.015950 0.019794 0.008466 0.009583 0.033839 0.010815 0.008843 0.017203 0.018194 0.006734 0.010656 0.004601 0.006068 0.007858 0.007403 0.013916 0.007477 0.007223 0.008007 0.011308 0.010442 0.010296 0.034379 0.010072 0.011668 0.016113 0.155973 0.033034 S021_Friction.bmp 
0.069970 0.017799 0.008062 0.008813 0.038590 0.011139 0.015016 0.010511 0.009123 0.004526 0.007619 0.022741 0.008513 0.009127 0.006265 0.009413 0.009928 0.011330 0.015661 0.014767 0.007070 0.009679 0.043985 0.011739 0.010907 0.020381 0.019784 0.009563 0.014184 0.009263 0.007128 0.015719 0.018516 0.009304 0.010266 0.029883 0.011814 0.010303 0.016602 0.018321 0.006930 0.011408 0.005941 0.007783 0.008864 0.008189 0.015235 0.009178 0.008687 0.008959 0.012411 0.010501 0.010330 0.030701 0.010276 0.011510 0.015429 0.160485 0.033859 S021_Rest_2.bmp 
0.091803 0.021675 0.009036 0.007412 0.039563 0.008584 0.010084 0.011648 0.006561 0.002545 0.004950 0.025624 0.007438 0.004307 0.003734 0.005868 0.012033 0.009468 0.014254 0.009525 0.004950 0.008095 0.047691 0.009244 0.005097 0.013855 0.014482 0.008795 0.014639 0.011678 0.006738 0.013477 0.011176 0.007502 0.007941 0.030678 0.009230 0.006511 0.009984 0.012656 0.007100 0.012841 0.003644 0.005811 0.008112 0.008701 0.019823 0.005117 0.006414 0.007060 0.013993 0.008004 0.008758 0.031843 0.009029 0.012985 0.020122 0.202320 0.047792 S022_Friction.bmp 
0.097153 0.024116 0.009764 0.008061 0.036354 0.008172 0.011212 0.011976 0.006556 0.003033 0.005494 0.029845 0.007284 0.005011 0.004116 0.006472 0.012207 0.010096 0.009241 0.007119 0.004565 0.007672 0.045568 0.008856 0.005849 0.011118 0.011071 0.008510 0.014520 0.011929 0.007267 0.008470 0.008899 0.007039 0.007518 0.028933 0.008976 0.006831 0.007431 0.009375 0.006962 0.012593 0.004083 0.006164 0.007558 0.008463 0.020198 0.005765 0.006915 0.006787 0.013746 0.008178 0.008658 0.029245 0.009194 0.013310 0.020946 0.215774 0.051782 S022_Move.bmp 
0.072954 0.017084 0.008039 0.008256 0.040115 0.009983 0.011764 0.010632 0.008273 0.002655 0.004694 0.022957 0.009409 0.007641 0.004201 0.006560 0.010908 0.011920 0.021652 0.017502 0.005996 0.009460 0.044663 0.010462 0.008283 0.023263 0.026016 0.009980 0.014561 0.009446 0.007155 0.018076 0.016866 0.007359 0.008793 0.031220 0.010887 0.009385 0.016723 0.019249 0.007186 0.011815 0.003834 0.005649 0.008436 0.008124 0.015275 0.005544 0.006023 0.007702 0.012471 0.008695 0.009245 0.031767 0.010561 0.011366 0.017165 0.168473 0.035625 S022_Rest_2.bmp 
0.079252 0.018679 0.007847 0.007104 0.039785 0.009250 0.011843 0.010463 0.007396 0.003284 0.005152 0.024258 0.008311 0.006328 0.004396 0.006938 0.010504 0.011416 0.019313 0.015313 0.005193 0.008867 0.047028 0.010239 0.007477 0.020648 0.023512 0.009033 0.013697 0.009385 0.006189 0.017157 0.016435 0.007752 0.008877 0.031396 0.009711 0.007843 0.014469 0.018055 0.006399 0.011433 0.004369 0.005942 0.007880 0.007508 0.016439 0.005972 0.006836 0.007487 0.012134 0.008826 0.009480 0.031888 0.009440 0.012002 0.017232 0.178806 0.040131 S023_Friction.bmp 
0.077623 0.016773 0.007437 0.007679 0.041715 0.010111 0.011280 0.011644 0.008329 0.003068 0.005029 0.023203 0.009623 0.006891 0.004230 0.007063 0.011607 0.013052 0.019104 0.014955 0.005871 0.009865 0.048367 0.011728 0.008612 0.021934 0.023220 0.010152 0.015787 0.010051 0.006804 0.017653 0.016437 0.007477 0.009471 0.034911 0.010869 0.008114 0.014756 0.019239 0.006783 0.011546 0.004062 0.005635 0.007541 0.008239 0.016319 0.005692 0.006602 0.007841 0.012927 0.009219 0.010849 0.035706 0.011024 0.012587 0.018154 0.150540 0.036999 S025_Friction.bmp 
0.084279 0.020989 0.008429 0.007951 0.038046 0.009123 0.012007 0.011283 0.007499 0.003012 0.005330 0.028424 0.008584 0.006310 0.004538 0.007351 0.011333 0.011438 0.014076 0.011111 0.005680 0.009053 0.045896 0.010484 0.007415 0.017081 0.017654 0.009720 0.015380 0.010205 0.006849 0.013186 0.013722 0.007257 0.008884 0.030217 0.009605 0.007702 0.011556 0.015056 0.007061 0.012203 0.004322 0.005876 0.007644 0.008288 0.017738 0.006128 0.007412 0.007533 0.013611 0.008938 0.009497 0.030648 0.010067 0.012907 0.018897 0.183345 0.044171 S026_Friction.bmp 
0.092494 0.022120 0.009407 0.008235 0.036897 0.008520 0.010518 0.012060 0.006311 0.002684 0.004916 0.027905 0.007831 0.004605 0.003771 0.006003 0.012522 0.011006 0.012914 0.009628 0.004775 0.008095 0.045323 0.009055 0.005428 0.013904 0.014747 0.008918 0.014978 0.011615 0.007292 0.013322 0.012020 0.007653 0.007861 0.029669 0.009196 0.006883 0.010263 0.012897 0.007355 0.013322 0.003547 0.005803 0.008135 0.008670 0.020704 0.005317 0.006090 0.006987 0.014246 0.008376 0.008734 0.030338 0.009701 0.013074 0.021534 0.195592 0.048231 S026_Move.bmp 
0.090900 0.022827 0.009473 0.008450 0.037054 0.009003 0.011355 0.011667 0.006917 0.003224 0.005407 0.028080 0.007960 0.005810 0.004391 0.007065 0.011932 0.010406 0.010781 0.008702 0.005330 0.008202 0.044031 0.009899 0.006072 0.012452 0.012596 0.009091 0.015219 0.011385 0.007470 0.011177 0.011476 0.007400 0.008353 0.029473 0.009413 0.007662 0.009798 0.011593 0.007259 0.012871 0.004217 0.006420 0.007977 0.008822 0.019741 0.005797 0.007068 0.007175 0.013535 0.008675 0.008779 0.030663 0.009590 0.013733 0.020499 0.199663 0.048020 S026_Rest_2.bmp 
0.089387 0.022193 0.009800 0.008318 0.036713 0.008869 0.010882 0.012034 0.006954 0.003178 0.005399 0.026140 0.007794 0.005315 0.004233 0.006716 0.012336 0.010314 0.010740 0.008466 0.005026 0.008298 0.045162 0.009867 0.006044 0.013273 0.012635 0.008970 0.014577 0.011372 0.007193 0.011473 0.011154 0.007680 0.008328 0.029839 0.009205 0.007394 0.009823 0.011469 0.007005 0.013099 0.004421 0.006202 0.008053 0.008839 0.019895 0.006188 0.007287 0.007115 0.013509 0.008305 0.008946 0.030256 0.008926 0.013011 0.019616 0.207659 0.047104 S027_Friction.bmp 
0.081924 0.019856 0.007847 0.008684 0.043240 0.009320 0.011660 0.011078 0.006907 0.002534 0.004647 0.023210 0.008048 0.005477 0.003519 0.005979 0.011306 0.010807 0.017583 0.012494 0.004982 0.008597 0.050612 0.010000 0.006250 0.018611 0.019270 0.008878 0.014640 0.010716 0.007399 0.018503 0.016177 0.007770 0.009257 0.032839 0.009960 0.008102 0.014536 0.017841 0.007677 0.012658 0.003478 0.005219 0.008313 0.008815 0.018410 0.005142 0.006347 0.007730 0.013994 0.008329 0.009176 0.034148 0.009300 0.011972 0.017767 0.168998 0.041466 S027_Move.bmp 
0.066533 0.018663 0.007377 0.009648 0.036264 0.010533 0.014608 0.009563 0.008045 0.002754 0.005035 0.022711 0.009682 0.008463 0.004279 0.007405 0.009856 0.012494 0.022425 0.019286 0.006026 0.009383 0.042841 0.010588 0.008491 0.024832 0.030705 0.010748 0.015306 0.009682 0.008293 0.020856 0.022650 0.007490 0.010043 0.029983 0.010969 0.010928 0.020124 0.026735 0.008184 0.012927 0.004079 0.005999 0.007973 0.009441 0.014755 0.005195 0.007364 0.008378 0.013985 0.008406 0.009488 0.030803 0.010554 0.011803 0.015252 0.139354 0.033762 S027_Rest_1.bmp 
0.081524 0.020855 0.008753 0.008821 0.037262 0.009781 0.013228 0.011286 0.007613 0.003338 0.005797 0.025404 0.008185 0.006747 0.004799 0.007556 0.011158 0.011286 0.013708 0.010749 0.005682 0.008817 0.045162 0.010498 0.007921 0.016380 0.016522 0.009020 0.014432 0.010820 0.007593 0.012886 0.014827 0.007877 0.008800 0.028999 0.010333 0.008956 0.011787 0.014340 0.007204 0.011895 0.004745 0.006402 0.008395 0.008455 0.017814 0.006866 0.007512 0.007891 0.013336 0.009436 0.009183 0.029804 0.009646 0.012457 0.018247 0.188729 0.042480 S028_Rest_2.bmp 
0.080551 0.018436 0.008062 0.007430 0.039912 0.009120 0.009883 0.011293 0.007363 0.002696 0.004538 0.024457 0.009022 0.006339 0.004308 0.006099 0.012691 0.011698 0.017905 0.014259 0.005920 0.008231 0.045870 0.010502 0.006694 0.018513 0.020156 0.009468 0.014337 0.010215 0.006599 0.015070 0.013502 0.007332 0.008153 0.030924 0.009694 0.007832 0.013235 0.015236 0.006528 0.011428 0.004018 0.005386 0.007670 0.007579 0.016905 0.005663 0.006008 0.007109 0.011921 0.008768 0.009052 0.031485 0.009971 0.012198 0.018584 0.196251 0.039926 S030_Rest_1.bmp 
0.071421 0.017000 0.007885 0.009142 0.039794 0.010401 0.012226 0.011174 0.007930 0.003251 0.005277 0.023087 0.008937 0.007007 0.004538 0.007174 0.010643 0.012070 0.019543 0.015202 0.005839 0.008791 0.045020 0.010677 0.008709 0.021937 0.023012 0.009421 0.013731 0.010323 0.007402 0.018522 0.018733 0.007776 0.009254 0.029747 0.010224 0.008839 0.016952 0.019860 0.007078 0.011201 0.004484 0.005740 0.007766 0.008226 0.015045 0.006517 0.006414 0.007262 0.011848 0.009125 0.009080 0.029914 0.010044 0.010960 0.016618 0.180827 0.033376 S030_Rest_2.bmp 
0.094208 0.021794 0.009559 0.007429 0.040721 0.009045 0.010192 0.011662 0.006522 0.002863 0.005139 0.025410 0.007066 0.004399 0.004146 0.006069 0.012048 0.009625 0.010145 0.007146 0.004993 0.008289 0.048317 0.009595 0.005236 0.011499 0.011349 0.008236 0.014925 0.011572 0.006979 0.011165 0.010652 0.007772 0.008582 0.035702 0.009592 0.006776 0.009029 0.011072 0.007649 0.013108 0.003893 0.005996 0.008442 0.008772 0.021527 0.005613 0.006206 0.007262 0.014128 0.008669 0.009159 0.036412 0.009185 0.013358 0.021301 0.190292 0.052507 S031_Friction.bmp 
0.068993 0.015418 0.006543 0.007371 0.037902 0.009028 0.011768 0.011463 0.008414 0.003130 0.004475 0.027397 0.010987 0.008811 0.004543 0.006943 0.011924 0.014644 0.023805 0.020189 0.006349 0.010033 0.043226 0.011232 0.009276 0.027017 0.031047 0.011700 0.017119 0.007826 0.006383 0.021129 0.019333 0.006981 0.008298 0.028918 0.009099 0.008526 0.018505 0.024059 0.006638 0.010933 0.004183 0.005283 0.007110 0.007806 0.014284 0.005640 0.006940 0.006893 0.011928 0.009571 0.010227 0.029444 0.012294 0.012929 0.018304 0.144529 0.035257 S031_Rest_2.bmp 
0.086423 0.020758 0.009229 0.008398 0.038136 0.008869 0.010960 0.011350 0.006852 0.002643 0.004559 0.024576 0.007919 0.005391 0.003899 0.005990 0.012236 0.010303 0.013293 0.010502 0.004929 0.007845 0.045860 0.009428 0.005704 0.014761 0.015670 0.008603 0.014361 0.010778 0.007623 0.015967 0.013923 0.007394 0.008532 0.030169 0.009664 0.007546 0.013876 0.016297 0.007586 0.012677 0.003525 0.005663 0.008064 0.008505 0.019024 0.004798 0.005950 0.007115 0.013425 0.007785 0.008751 0.030688 0.009441 0.012276 0.018256 0.201355 0.043900 S032_Rest_2.bmp 
0.068153 0.014730 0.006427 0.007513 0.044603 0.010315 0.012538 0.011108 0.007806 0.002526 0.004977 0.021988 0.009181 0.007442 0.003946 0.005917 0.009947 0.013787 0.022346 0.019091 0.005648 0.009266 0.051414 0.011380 0.010563 0.028569 0.028436 0.009736 0.014393 0.008892 0.005971 0.018196 0.022291 0.007724 0.009341 0.032371 0.010570 0.008453 0.017045 0.020759 0.005934 0.010233 0.003591 0.004824 0.007343 0.007129 0.013430 0.005876 0.005964 0.007425 0.011231 0.009631 0.010284 0.032647 0.010992 0.010999 0.015146 0.158914 0.033049 S033_Friction.bmp 
0.086338 0.020421 0.009034 0.008422 0.037239 0.009259 0.011367 0.011455 0.006886 0.002676 0.004925 0.025280 0.007622 0.005500 0.004176 0.006213 0.011492 0.010910 0.012460 0.010480 0.005046 0.008264 0.046434 0.009764 0.006593 0.015334 0.014827 0.008866 0.014511 0.011391 0.007487 0.014474 0.015731 0.007914 0.008647 0.031278 0.010150 0.008039 0.012393 0.014770 0.007353 0.012631 0.003762 0.005705 0.008691 0.009105 0.019272 0.005850 0.006442 0.007565 0.013667 0.008994 0.009215 0.032787 0.009518 0.012830 0.019450 0.188781 0.044316 S033_Move.bmp 
0.065642 0.013771 0.006342 0.007158 0.049200 0.009429 0.011511 0.011020 0.008123 0.001902 0.003679 0.022026 0.009906 0.006969 0.002941 0.005141 0.010776 0.013298 0.027489 0.021955 0.005361 0.010302 0.054145 0.011687 0.009016 0.030660 0.036938 0.009632 0.014743 0.008285 0.005449 0.019454 0.021796 0.006617 0.009436 0.038156 0.010055 0.008106 0.019911 0.024483 0.005703 0.010780 0.002836 0.003544 0.006393 0.006938 0.012394 0.004393 0.005070 0.007442 0.011250 0.008488 0.010593 0.038512 0.010756 0.010969 0.014377 0.133355 0.033699 S033_Rest_1.bmp 
0.070085 0.014923 0.007181 0.007426 0.040422 0.009325 0.011615 0.011985 0.008027 0.002538 0.003937 0.023358 0.009852 0.007260 0.003421 0.005262 0.011557 0.013670 0.025488 0.020688 0.005982 0.009349 0.045854 0.011044 0.008972 0.029127 0.032211 0.010392 0.015114 0.009546 0.005989 0.018847 0.019713 0.006757 0.008503 0.031433 0.009685 0.008007 0.018456 0.022434 0.006441 0.010385 0.003496 0.004311 0.007015 0.007348 0.014655 0.004695 0.005381 0.006631 0.011339 0.008978 0.009478 0.031950 0.011655 0.011384 0.017441 0.158090 0.033893 S033_Rest_2.bmp 
0.082001 0.018911 0.008620 0.007666 0.038830 0.009510 0.011161 0.011208 0.007317 0.002872 0.004645 0.025224 0.008816 0.006377 0.004313 0.006100 0.011698 0.011692 0.015714 0.012859 0.005738 0.008945 0.046652 0.010102 0.007121 0.018366 0.018887 0.009344 0.014730 0.010413 0.007006 0.015413 0.015159 0.007334 0.008458 0.029936 0.009672 0.007974 0.013803 0.016164 0.006857 0.012297 0.003901 0.005386 0.007798 0.008109 0.017199 0.005687 0.006008 0.007334 0.012558 0.008813 0.009290 0.030853 0.010112 0.012074 0.018255 0.189009 0.041712 S034_Friction.bmp 
0.073991 0.017236 0.007878 0.008182 0.044725 0.009217 0.011851 0.011068 0.007585 0.002479 0.004310 0.022207 0.008708 0.006408 0.003865 0.006118 0.010927 0.011760 0.020012 0.015743 0.005345 0.009355 0.050930 0.010694 0.007932 0.022804 0.024170 0.009305 0.014444 0.009611 0.006492 0.017685 0.018039 0.007625 0.009625 0.034308 0.010637 0.008367 0.016258 0.018582 0.007170 0.012009 0.003416 0.005109 0.008104 0.008114 0.016265 0.005183 0.005979 0.007510 0.012822 0.008920 0.009783 0.034898 0.009986 0.011773 0.016650 0.161408 0.038422 S034_Move.bmp 
0.075311 0.016826 0.007534 0.008073 0.040574 0.009679 0.011217 0.011677 0.007643 0.002358 0.004360 0.023351 0.009279 0.006521 0.003798 0.006010 0.011596 0.013239 0.020428 0.016379 0.005661 0.009181 0.046878 0.010600 0.008127 0.022972 0.024388 0.009699 0.014862 0.009807 0.006633 0.019269 0.017948 0.007866 0.009140 0.031668 0.009872 0.007697 0.016891 0.019570 0.007040 0.011006 0.003618 0.004685 0.007365 0.008012 0.016091 0.005186 0.005512 0.007456 0.011901 0.009309 0.009421 0.032278 0.010573 0.011687 0.017711 0.170355 0.036217 S034_Rest_2.bmp 
0.059551 0.015434 0.006709 0.007658 0.041637 0.009619 0.012695 0.010206 0.008159 0.002541 0.004073 0.024651 0.010291 0.009366 0.004097 0.007061 0.010523 0.014179 0.026807 0.023634 0.005962 0.009332 0.047941 0.010591 0.009823 0.030518 0.036957 0.010905 0.015660 0.007664 0.006924 0.018910 0.019541 0.006385 0.009097 0.028454 0.010127 0.009769 0.022601 0.023839 0.006450 0.011621 0.003111 0.004772 0.006836 0.007484 0.011843 0.004953 0.005955 0.007583 0.012010 0.008142 0.009213 0.028468 0.011454 0.011720 0.014722 0.150313 0.033461 S035_Friction.bmp 
0.062704 0.016149 0.006604 0.007952 0.045401 0.009954 0.013130 0.009828 0.007911 0.002570 0.004766 0.023451 0.009824 0.008609 0.004129 0.007288 0.010107 0.013439 0.021940 0.018913 0.005804 0.009753 0.050626 0.010978 0.009848 0.027022 0.030508 0.009811 0.014917 0.007734 0.006689 0.018855 0.019516 0.006747 0.009729 0.028663 0.010355 0.009195 0.021313 0.022569 0.006485 0.011503 0.003343 0.004728 0.006761 0.007537 0.012633 0.005695 0.006665 0.007237 0.011635 0.008112 0.009739 0.029258 0.010696 0.011629 0.014781 0.162564 0.033697 S035_Rest_1.bmp 
0.084050 0.019252 0.008718 0.007975 0.040539 0.008708 0.009790 0.011910 0.006534 0.002368 0.003962 0.023542 0.008259 0.005315 0.003466 0.005573 0.012302 0.010929 0.019895 0.013782 0.005148 0.008577 0.047476 0.009653 0.005566 0.019379 0.020792 0.009060 0.014733 0.010942 0.006953 0.017028 0.014556 0.007198 0.008527 0.032481 0.009368 0.006846 0.013588 0.016167 0.007141 0.012717 0.003333 0.005238 0.007777 0.008366 0.018297 0.004840 0.005510 0.007033 0.013236 0.008377 0.009288 0.033205 0.009596 0.012928 0.019573 0.179561 0.043078 S040_Rest_1.bmp 
0.081974 0.018626 0.008544 0.007656 0.039408 0.009330 0.010288 0.011584 0.007656 0.002716 0.004370 0.024433 0.008240 0.005979 0.003816 0.006047 0.012036 0.011169 0.017421 0.013251 0.005702 0.008797 0.045724 0.009849 0.006374 0.018504 0.019955 0.009370 0.014499 0.010943 0.006806 0.014006 0.013639 0.007315 0.008355 0.030102 0.009927 0.007697 0.012802 0.014664 0.006843 0.012056 0.003725 0.005419 0.007936 0.007987 0.016972 0.005001 0.005922 0.007093 0.013180 0.008294 0.009070 0.030402 0.009674 0.012201 0.018778 0.197808 0.042067 S040_Rest_2.bmp 
0.075696 0.016999 0.007878 0.007715 0.041753 0.009510 0.012091 0.011779 0.007624 0.002957 0.005422 0.023759 0.008660 0.006418 0.004074 0.006486 0.011122 0.012362 0.018109 0.014696 0.005656 0.009114 0.049079 0.010753 0.009588 0.022296 0.022231 0.009531 0.014330 0.009927 0.006181 0.014780 0.017080 0.007597 0.008968 0.031457 0.009585 0.007329 0.013473 0.015535 0.006367 0.010984 0.004003 0.005084 0.007495 0.007529 0.015976 0.006936 0.006601 0.007397 0.012064 0.009676 0.009693 0.031742 0.010032 0.012227 0.017253 0.181274 0.038068 S041_Rest_2.bmp 
0.085969 0.019798 0.008717 0.008340 0.039522 0.009300 0.010963 0.011741 0.007303 0.002990 0.005020 0.025044 0.008101 0.005401 0.003896 0.006232 0.011976 0.010852 0.013606 0.010057 0.004953 0.008650 0.047468 0.010276 0.007024 0.016135 0.015633 0.009054 0.014391 0.011428 0.006980 0.014050 0.013939 0.007448 0.008434 0.031704 0.009973 0.007185 0.010815 0.014189 0.006997 0.011852 0.004114 0.005195 0.007724 0.008411 0.017997 0.005640 0.006508 0.007212 0.013135 0.008673 0.009347 0.032343 0.009761 0.012192 0.019125 0.196171 0.043050 S045_Friction.bmp 
0.084615 0.019023 0.008453 0.008135 0.041527 0.009533 0.010382 0.011208 0.007182 0.002752 0.004685 0.023427 0.007958 0.004865 0.003772 0.006283 0.011810 0.010269 0.018147 0.012031 0.005303 0.008868 0.049297 0.009841 0.005845 0.017334 0.019207 0.008901 0.014806 0.011265 0.007326 0.018521 0.015371 0.007604 0.009108 0.035223 0.010386 0.007102 0.013542 0.017956 0.007440 0.013395 0.003591 0.005347 0.008129 0.008925 0.018287 0.005196 0.006146 0.007748 0.014087 0.008336 0.009473 0.036166 0.009557 0.012543 0.018688 0.166297 0.041784 S045_Move.bmp 
0.077760 0.018230 0.008011 0.007603 0.043717 0.009539 0.010903 0.011035 0.007745 0.003017 0.004903 0.024160 0.008411 0.007405 0.004687 0.006873 0.011513 0.010769 0.017298 0.014274 0.005876 0.009156 0.049997 0.010769 0.007516 0.019843 0.020433 0.009088 0.014230 0.010021 0.006647 0.015803 0.015934 0.007236 0.008977 0.032925 0.010183 0.008435 0.014513 0.015954 0.006795 0.011806 0.004152 0.006155 0.008438 0.008233 0.016062 0.005660 0.006755 0.008007 0.012509 0.008539 0.009704 0.034127 0.009745 0.011870 0.017510 0.173698 0.038845 S045_Rest_1.bmp 
0.088963 0.021921 0.009041 0.008263 0.036990 0.008775 0.011220 0.011449 0.007240 0.003031 0.005522 0.027501 0.007886 0.005455 0.004388 0.007176 0.011893 0.010391 0.012142 0.008711 0.004879 0.008351 0.045391 0.010267 0.006155 0.013435 0.014129 0.008718 0.014328 0.011658 0.007452 0.012722 0.012695 0.007031 0.008317 0.028278 0.009425 0.007401 0.010533 0.013678 0.007162 0.012624 0.004182 0.006071 0.007671 0.008526 0.018244 0.005862 0.007193 0.007098 0.013530 0.008216 0.008661 0.029511 0.009486 0.012930 0.019305 0.205710 0.045219 S048_Friction.bmp 
